I
1130 Generated by WorldEditor 2.0.0r4

1    298 0 0 YWSG Watts Bridge
1302 city 
1302 country Australia
1302 datum_lat -27.098333333
1302 datum_lon 152.46
1302 faa_code 
1302 iata_code 
1302 icao_code YWSG
1302 region_code YB
1302 state Queensland
1302 transition_alt 10000
1302 transition_level 11000
100 20.00 3 0 0.25 0 0 0 12L -27.09414348  152.46079567    0    0 0 0 0 0 30R -27.09892619  152.46739843    0    0 0 0 0 0
100 30.00 3 0 0.25 0 0 0 12R -27.09447165  152.45962465    0    0 0 0 0 0 30L -27.09961238  152.46674183    0    0 0 0 0 0
100 25.00 3 0 0.25 0 0 0 04 -27.09945977  152.45457191    0    0 0 0 0 0 22 -27.09414114  152.45966203    0    0 0 0 0 0
110 3 0.25 0.0000 New Taxiway 45
111 -27.09983324  152.46460168
112 -27.09976243  152.46463278 -27.09974964  152.46461793
111 -27.09971530  152.46466180
111 -27.09926538  152.46523568
112 -27.09925490  152.46529014 -27.09927143  152.46531160
111 -27.09918801  152.46532272
111 -27.09909472  152.46519756
112 -27.09913690  152.46512856 -27.09915123  152.46514755
111 -27.09917401  152.46511964
111 -27.09959099  152.46453116
112 -27.09962285  152.46446235 -27.09960888  152.46444542
113 -27.09966323  152.46438286
110 3 0.25 0.0000 New Taxiway 44
111 -27.09897158  152.46342863
111 -27.09908643  152.46360092
112 -27.09901147  152.46364386 -27.09899052  152.46361604
111 -27.09894965  152.46365504
112 -27.09844599  152.46411955 -27.09845242  152.46411405
112 -27.09843672  152.46417626 -27.09845745  152.46420499
111 -27.09836984  152.46418306
111 -27.09831517  152.46410592
112 -27.09833359  152.46403293 -27.09835035  152.46405869
112 -27.09838308  152.46404099 -27.09839257  152.46403342
111 -27.09889410  152.46357836
114 -27.09892028  152.46351933 -27.09890441  152.46349651
110 3 0.25 0.0000 New Taxiway 39
111 -27.09623916  152.45979229
111 -27.09634291  152.45993029
112 -27.09631605  152.45999896 -27.09628875  152.45995902
111 -27.09625091  152.45998506
111 -27.09579323  152.46042141
112 -27.09577827  152.46049182 -27.09579732  152.46052320
111 -27.09571707  152.46051253
111 -27.09562258  152.46037161
112 -27.09565285  152.46031052 -27.09567666  152.46034499
111 -27.09565285  152.46031052
112 -27.09565285  152.46031052 -27.09566345  152.46032622
112 -27.09571762  152.46031811 -27.09574118  152.46029983
111 -27.09571762  152.46031811
112 -27.09571762  152.46031811 -27.09579500  152.46024571
112 -27.09616944  152.45987674 -27.09629358  152.45974980
111 -27.09616944  152.45987674
112 -27.09616944  152.45987674 -27.09617733  152.45986868
112 -27.09617513  152.45981230 -27.09616236  152.45979344
111 -27.09617513  152.45981230
114 -27.09617513  152.45981230 -27.09615599  152.45978164
110 2 0.25 0.0000 New Taxiway 38
111 -27.09827769  152.46172983
111 -27.09839106  152.46189724
111 -27.09822191  152.46204514
113 -27.09810854  152.46188389
110 2 0.25 0.0000 New Taxiway 37
111 -27.09858824  152.46229622
111 -27.09848233  152.46239294
111 -27.09838633  152.46225942
113 -27.09849147  152.46216442
110 2 0.25 0.0000 New Taxiway 36
111 -27.09883250  152.46246723
111 -27.09870945  152.46259145
111 -27.09858579  152.46243596
111 -27.09857051  152.46245140
111 -27.09852013  152.46238654
111 -27.09861954  152.46228243
111 -27.09868286  152.46235671
113 -27.09871953  152.46231903
110 3 0.25 0.0000 New Taxiway 42
111 -27.09857583  152.46295341
111 -27.09865540  152.46304648
112 -27.09863790  152.46313725 -27.09862308  152.46311407
112 -27.09858053  152.46313817 -27.09856910  152.46314816
111 -27.09858053  152.46313817
112 -27.09858053  152.46313817 -27.09857128  152.46314625
112 -27.09807184  152.46361267 -27.09793405  152.46374137
111 -27.09807184  152.46361267
112 -27.09807184  152.46361267 -27.09806447  152.46361956
112 -27.09806655  152.46365186 -27.09808224  152.46367351
111 -27.09806655  152.46365186
112 -27.09806655  152.46365186 -27.09808417  152.46367812
111 -27.09801926  152.46366178
111 -27.09795927  152.46357513
112 -27.09797290  152.46351748 -27.09799077  152.46353762
111 -27.09797290  152.46351748
112 -27.09797290  152.46351748 -27.09798694  152.46353767
112 -27.09801575  152.46351634 -27.09802642  152.46350591
111 -27.09801575  152.46351634
112 -27.09801575  152.46351634 -27.09813242  152.46340238
112 -27.09850390  152.46303865 -27.09851349  152.46302849
111 -27.09850390  152.46303865
112 -27.09850390  152.46303865 -27.09851533  152.46302653
114 -27.09851530  152.46296990 -27.09849731  152.46294554
110 3 0.25 0.0000 New Taxiway 41
111 -27.09706946  152.46238124
112 -27.09709212  152.46232152 -27.09710774  152.46233872
112 -27.09713590  152.46232289 -27.09714601  152.46231291
112 -27.09763130  152.46184604 -27.09763534  152.46184174
112 -27.09763406  152.46177768 -27.09761201  152.46174944
111 -27.09771825  152.46178038
111 -27.09778089  152.46186980
112 -27.09777748  152.46197027 -27.09775188  152.46193227
112 -27.09769634  152.46194687 -27.09768003  152.46196223
111 -27.09769634  152.46194687
112 -27.09769634  152.46194687 -27.09768249  152.46195991
112 -27.09719640  152.46240473 -27.09708167  152.46250642
111 -27.09719640  152.46240473
112 -27.09719640  152.46240473 -27.09718514  152.46241464
112 -27.09719237  152.46246049 -27.09720601  152.46247824
111 -27.09719237  152.46246049
112 -27.09719237  152.46246049 -27.09720766  152.46248443
113 -27.09712328  152.46246612
110 3 0.25 0.0000 New Taxiway 40
111 -27.09620156  152.46123001
112 -27.09622982  152.46113579 -27.09625634  152.46117173
111 -27.09629220  152.46113509
111 -27.09676617  152.46068958
112 -27.09676861  152.46060678 -27.09673936  152.46056570
111 -27.09683685  152.46053297
111 -27.09705364  152.46082667
112 -27.09698886  152.46090270 -27.09696234  152.46086881
111 -27.09693039  152.46090352
111 -27.09643312  152.46135188
112 -27.09643518  152.46141994 -27.09646718  152.46147026
113 -27.09633319  152.46141602
110 3 0.25 0.0000 New Taxiway 35
111 -27.09570421  152.45876090
112 -27.09573040  152.45884739 -27.09569992  152.45887307
111 -27.09572300  152.45891213
112 -27.09711743  152.46080887 -27.09722452  152.46094414
111 -27.09711743  152.46080887
112 -27.09711743  152.46080887 -27.09712158  152.46081412
112 -27.09712503  152.46081432 -27.09712549  152.46081448
111 -27.09712503  152.46081432
112 -27.09712503  152.46081432 -27.09713324  152.46081709
112 -27.09716016  152.46079415 -27.09717032  152.46078486
111 -27.09716016  152.46079415
112 -27.09716016  152.46079415 -27.09716515  152.46078959
112 -27.09716833  152.46078894 -27.09717216  152.46078894
111 -27.09716833  152.46078894
112 -27.09716833  152.46078894 -27.09717258  152.46078966
111 -27.09717549  152.46079550
111 -27.09781424  152.46166186
111 -27.09796843  152.46186645
111 -27.09853542  152.46260285
111 -27.09864538  152.46275406
111 -27.09868140  152.46276897
111 -27.09910086  152.46239347
111 -27.09926737  152.46223095
112 -27.09929181  152.46222153 -27.09930426  152.46222255
111 -27.09929181  152.46222153
112 -27.09929181  152.46222153 -27.09929995  152.46222229
112 -27.09931208  152.46222912 -27.09932149  152.46223630
111 -27.09931208  152.46222912
112 -27.09931208  152.46222912 -27.09932574  152.46223955
111 -27.09934178  152.46225998
112 -27.09956255  152.46252000 -27.09966643  152.46263814
111 -27.09956255  152.46252000
112 -27.09956255  152.46252000 -27.09963187  152.46259884
112 -27.09970283  152.46269752 -27.09971381  152.46271149
111 -27.09970283  152.46269752
112 -27.09970283  152.46269752 -27.09973355  152.46273716
112 -27.09981954  152.46286201 -27.09980033  152.46283531
111 -27.10010026  152.46325991
111 -27.10099473  152.46449814
112 -27.10102132  152.46454126 -27.10102992  152.46455950
111 -27.10102132  152.46454126
112 -27.10102132  152.46454126 -27.10102709  152.46455349
112 -27.10102649  152.46456942 -27.10102605  152.46457693
111 -27.10102649  152.46456942
112 -27.10102649  152.46456942 -27.10102631  152.46458055
111 -27.10101111  152.46459699
112 -27.10043580  152.46512337 -27.10040398  152.46514309
112 -27.10029860  152.46516221 -27.10027447  152.46516467
111 -27.10029860  152.46516221
112 -27.10029860  152.46516221 -27.10027447  152.46516467
112 -27.10021185  152.46515971 -27.10018113  152.46514738
111 -27.10013486  152.46508594
111 -27.09955829  152.46438451
111 -27.09916203  152.46384782
111 -27.09700356  152.46092404
112 -27.09559524  152.45903361 -27.09558458  152.45901906
111 -27.09559524  152.45903361
112 -27.09559524  152.45903361 -27.09559131  152.45902825
112 -27.09554040  152.45902365 -27.09552832  152.45903472
111 -27.09554040  152.45902365
112 -27.09554040  152.45902365 -27.09552554  152.45903891
113 -27.09548591  152.45897645
110 2 0.00 0.0000 New Taxiway 34
111 -27.09931137  152.45945274
111 -27.09918941  152.45957041
111 -27.09907958  152.45942349
111 -27.09916421  152.45934186
111 -27.09915010  152.45932221
113 -27.09918742  152.45928799
110 2 0.00 0.0000 New Taxiway 33
111 -27.09902266  152.45903581
111 -27.09914533  152.45920785
111 -27.09901504  152.45932510
113 -27.09889465  152.45915307
110 2 0.00 0.0000 New Taxiway 32
111 -27.09846485  152.45886246
111 -27.09860144  152.45905716
111 -27.09847012  152.45917846
111 -27.09835444  152.45901469
111 -27.09845099  152.45893088
113 -27.09842843  152.45889745
110 2 0.00 0.0000 New Taxiway 31
111 -27.09847019  152.45838809
111 -27.09849242  152.45842375
111 -27.09841749  152.45848937
113 -27.09839400  152.45845442
110 2 0.00 0.0000 New Taxiway 30
111 -27.09871249  152.45947620
111 -27.09883135  152.45965388
111 -27.09867775  152.45978739
111 -27.09848428  152.45950393
113 -27.09864081  152.45936979
110 2 0.00 0.0000 New Taxiway 29
111 -27.09781571  152.45824013
111 -27.09794714  152.45843270
111 -27.09781126  152.45855609
113 -27.09768070  152.45835622
110 2 0.00 0.0000 New Taxiway 28
111 -27.09827540  152.45817325
111 -27.09822825  152.45821356
111 -27.09813978  152.45808642
111 -27.09825302  152.45798827
113 -27.09832879  152.45809719
110 2 0.00 0.0000 New Taxiway 27
111 -27.09853567  152.45985083
111 -27.09856107  152.45988685
111 -27.09850900  152.45993202
113 -27.09848371  152.45989553
110 2 0.00 0.0000 New Taxiway 26
111 -27.09796631  152.45934273
111 -27.09807226  152.45950672
111 -27.09793450  152.45961537
111 -27.09782892  152.45945137
111 -27.09785922  152.45942796
111 -27.09783813  152.45939417
111 -27.09788530  152.45935574
113 -27.09790746  152.45939050
110 2 0.00 0.0000 New Taxiway 25
111 -27.09801674  152.45908854
111 -27.09794652  152.45916249
111 -27.09796078  152.45918714
111 -27.09791031  152.45923644
111 -27.09779291  152.45907498
113 -27.09791909  152.45895544
110 2 0.00 0.0000 New Taxiway 24
111 -27.09788975  152.45925544
111 -27.09776361  152.45936623
111 -27.09765196  152.45920397
113 -27.09777842  152.45909271
110 2 0.00 0.0000 New Taxiway 23
111 -27.09757917  152.45882426
111 -27.09752056  152.45887607
111 -27.09750072  152.45884959
111 -27.09742468  152.45891367
111 -27.09731448  152.45875331
111 -27.09738757  152.45869225
111 -27.09736810  152.45866233
113 -27.09743274  152.45860871
110 2 0.00 0.0000 New Taxiway 22
111 -27.09830189  152.46037440
111 -27.09834242  152.46037994
111 -27.09833880  152.46042331
111 -27.09829827  152.46041672
111 -27.09818375  152.46051470
111 -27.09807251  152.46035978
113 -27.09820356  152.46024081
110 2 0.00 0.0000 New Taxiway 21
111 -27.09815522  152.46017771
111 -27.09809960  152.46023163
111 -27.09808208  152.46020766
111 -27.09800360  152.46027784
111 -27.09788626  152.46011352
113 -27.09802036  152.45999027
110 2 0.00 0.0000 New Taxiway 20
111 -27.09823826  152.45973883
111 -27.09852501  152.46015888
111 -27.09839548  152.46027538
113 -27.09810905  152.45985358
110 2 0.00 0.0000 New Taxiway 19
111 -27.09805426  152.45845012
111 -27.09813320  152.45837857
111 -27.09828822  152.45860234
111 -27.09815369  152.45871930
111 -27.09800025  152.45849770
111 -27.09802278  152.45847792
111 -27.09800610  152.45845391
113 -27.09803678  152.45842597
110 2 0.00 0.0000 New Taxiway 18
111 -27.09746980  152.45924145
111 -27.09734061  152.45935536
111 -27.09723300  152.45920144
111 -27.09725629  152.45918192
111 -27.09723212  152.45914478
111 -27.09727057  152.45910981
111 -27.09729544  152.45914577
113 -27.09736202  152.45908782
110 2 0.00 0.0000 New Taxiway 17
111 -27.09763009  152.45889530
111 -27.09771052  152.45901001
111 -27.09759570  152.45911699
111 -27.09749464  152.45897732
111 -27.09755972  152.45891610
113 -27.09757771  152.45894225
110 2 0.00 0.0000 New Taxiway 16
111 -27.09775169  152.45870649
111 -27.09788688  152.45890824
111 -27.09775717  152.45901954
113 -27.09762112  152.45881779
110 2 0.00 0.0000 New Taxiway 15
111 -27.09767044  152.46050779
111 -27.09745101  152.46070395
111 -27.09735631  152.46057146
113 -27.09757261  152.46037119
110 2 0.00 0.0000 New Taxiway 14
111 -27.09688102  152.45987547
111 -27.09665588  152.46007896
111 -27.09653578  152.45991179
113 -27.09676320  152.45970820
110 2 0.00 0.0000 New Taxiway 13
111 -27.09741080  152.46000796
111 -27.09700995  152.46036409
111 -27.09686765  152.46016018
113 -27.09726958  152.45980665
110 3 0.25 0.0000 New Taxiway 12
112 -27.09763837  152.45993128 -27.09765391  152.45992922
111 -27.09769447  152.45989824
112 -27.09770515  152.45985426 -27.09769116  152.45982838
112 -27.09777963  152.45977092 -27.09780524  152.45975551
112 -27.09794005  152.46003975 -27.09792268  152.46010240
112 -27.09784795  152.46011390 -27.09783490  152.46009325
111 -27.09779323  152.46012995
111 -27.09710805  152.46075819
112 -27.09710355  152.46079260 -27.09711678  152.46081578
111 -27.09705724  152.46080580
111 -27.09581516  152.45912383
112 -27.09583286  152.45906209 -27.09585490  152.45909470
111 -27.09588217  152.45907126
111 -27.09646877  152.45854388
112 -27.09653156  152.45849687 -27.09654214  152.45849538
111 -27.09653156  152.45849687
112 -27.09653156  152.45849687 -27.09654390  152.45849736
111 -27.09656674  152.45853126
113 -27.09760295  152.45991079
110 3 0.25 0.0000 New Taxiway 11
112 -27.09939312  152.45919818 -27.09940518  152.45921790
112 -27.09942866  152.45932271 -27.09943195  152.45936708
112 -27.09940957  152.45946436 -27.09939860  152.45949887
111 -27.09936057  152.45954979
111 -27.09899049  152.45989901
111 -27.09825759  152.46056109
112 -27.09820756  152.46058719 -27.09817647  152.46058719
111 -27.09814611  152.46054064
111 -27.09800505  152.46034130
112 -27.09784507  152.46010826 -27.09782642  152.46005650
111 -27.09774724  152.45992341
111 -27.09765158  152.45976648
111 -27.09705634  152.45898794
112 -27.09702371  152.45890527 -27.09702097  152.45886933
111 -27.09706921  152.45882265
111 -27.09818094  152.45779762
112 -27.09828571  152.45776951 -27.09835022  152.45776951
111 -27.09828571  152.45776951
112 -27.09828571  152.45776951 -27.09834759  152.45777247
113 -27.09839526  152.45783554
110 2 0.00 0.0000 New Taxiway 10
111 -27.09810831  152.45739518
111 -27.09793785  152.45755039
111 -27.09778224  152.45732860
113 -27.09795215  152.45717368
110 2 0.00 0.0000 New Taxiway 9
111 -27.09711822  152.45844618
111 -27.09701033  152.45853995
111 -27.09694323  152.45843916
113 -27.09705069  152.45834695
110 2 0.00 0.0000 New Taxiway 8
111 -27.09735406  152.45823493
111 -27.09717577  152.45839241
111 -27.09705615  152.45822380
113 -27.09723672  152.45806633
110 3 0.25 0.0000 New Taxiway 7
112 -27.09867779  152.45709017 -27.09867474  152.45712270
112 -27.09856669  152.45720655 -27.09850650  152.45725277
111 -27.09693191  152.45871231
112 -27.09690554  152.45872411 -27.09689093  152.45872411
111 -27.09690554  152.45872411
112 -27.09690554  152.45872411 -27.09689029  152.45872411
111 -27.09687542  152.45870102
111 -27.09662827  152.45835996
112 -27.09661218  152.45832169 -27.09661401  152.45830423
111 -27.09663268  152.45829136
111 -27.09684118  152.45808383
112 -27.09687120  152.45803587 -27.09687120  152.45800711
111 -27.09681142  152.45792610
112 -27.09673958  152.45790119 -27.09671228  152.45792686
111 -27.09672267  152.45779732
111 -27.09685627  152.45767514
112 -27.09692631  152.45771868 -27.09689075  152.45775506
111 -27.09694346  152.45783053
112 -27.09701870  152.45789168 -27.09704156  152.45789066
111 -27.09709129  152.45783990
111 -27.09743390  152.45750262
112 -27.09745879  152.45747016 -27.09746018  152.45745115
111 -27.09745879  152.45747016
112 -27.09745879  152.45747016 -27.09746081  152.45744972
111 -27.09744652  152.45743548
111 -27.09736910  152.45734105
112 -27.09731722  152.45734883 -27.09728864  152.45737617
111 -27.09725409  152.45728450
111 -27.09748036  152.45704050
112 -27.09754438  152.45712653 -27.09751314  152.45716162
111 -27.09754438  152.45712653
112 -27.09754438  152.45712653 -27.09751314  152.45715734
111 -27.09753048  152.45717490
111 -27.09760324  152.45727334
112 -27.09763425  152.45729530 -27.09764907  152.45729530
111 -27.09766542  152.45727472
111 -27.09824922  152.45670001
112 -27.09831341  152.45664988 -27.09833475  152.45665074
111 -27.09836828  152.45669302
111 -27.09845410  152.45679559
113 -27.09854455  152.45690827
110 3 0.25 0.0000 New Taxiway 6
111 -27.09914174  152.46732036
112 -27.09918382  152.46720917 -27.09922595  152.46724303
111 -27.09918382  152.46720917
112 -27.09918382  152.46720917 -27.09919788  152.46722822
112 -27.09922442  152.46722518 -27.09923062  152.46722333
111 -27.09922442  152.46722518
112 -27.09922442  152.46722518 -27.09926003  152.46721452
112 -27.09941393  152.46707256 -27.09947635  152.46701501
111 -27.09941393  152.46707256
112 -27.09941393  152.46707256 -27.09948386  152.46700869
111 -27.09948297  152.46701491
111 -27.09953083  152.46712333
112 -27.09949216  152.46716024 -27.09944970  152.46719847
111 -27.09949216  152.46716024
112 -27.09949216  152.46716024 -27.09946454  152.46718369
112 -27.09937317  152.46725969 -27.09932505  152.46730253
111 -27.09937317  152.46725969
112 -27.09937317  152.46725969 -27.09933819  152.46729084
112 -27.09929893  152.46736954 -27.09931584  152.46740244
111 -27.09929893  152.46736954
112 -27.09929893  152.46736954 -27.09931957  152.46740511
112 -27.09928708  152.46743610 -27.09928520  152.46744151
111 -27.09928708  152.46743610
112 -27.09928708  152.46743610 -27.09927245  152.46747821
113 -27.09920033  152.46741518
110 3 0.25 0.0000 New Taxiway 66
112 -27.09935663  152.45458490 -27.09932473  152.45447818
111 -27.09935663  152.45458490
112 -27.09935663  152.45458490 -27.09935064  152.45456488
112 -27.09935673  152.45450564 -27.09937637  152.45447406
111 -27.09935673  152.45450564
112 -27.09935673  152.45450564 -27.09937395  152.45448333
112 -27.09961850  152.45424027 -27.09964456  152.45424643
111 -27.09961850  152.45424027
112 -27.09961850  152.45424027 -27.09965058  152.45424785
112 -27.10009638  152.45469739 -27.10009502  152.45472442
111 -27.09974151  152.45504461
112 -27.09753021  152.45714062 -27.09692625  152.45771202
111 -27.09753021  152.45714062
112 -27.09753021  152.45714062 -27.09745928  152.45721114
112 -27.09730718  152.45735999 -27.09728956  152.45737523
111 -27.09730718  152.45735999
112 -27.09730718  152.45735999 -27.09720306  152.45745007
111 -27.09689301  152.45775149
112 -27.09655154  152.45807518 -27.09642554  152.45818132
111 -27.09655154  152.45807518
112 -27.09655154  152.45807518 -27.09644458  152.45817028
112 -27.09614269  152.45845370 -27.09609961  152.45849679
111 -27.09614269  152.45845370
112 -27.09614269  152.45845370 -27.09611905  152.45847679
112 -27.09584812  152.45873691 -27.09570950  152.45886870
111 -27.09584812  152.45873691
112 -27.09584812  152.45873691 -27.09571679  152.45886177
112 -27.09516780  152.45938425 -27.09514015  152.45942571
111 -27.09516780  152.45938425
112 -27.09516780  152.45938425 -27.09513082  152.45942611
112 -27.09511226  152.45947463 -27.09510896  152.45951050
111 -27.09511226  152.45947463
112 -27.09511226  152.45947463 -27.09510797  152.45950486
112 -27.09512927  152.45955548 -27.09514617  152.45958459
111 -27.09512927  152.45955548
112 -27.09512927  152.45955548 -27.09515309  152.45959263
112 -27.09525019  152.45973251 -27.09531421  152.45982981
111 -27.09525019  152.45973251
112 -27.09525019  152.45973251 -27.09527068  152.45976153
112 -27.09621327  152.46111183 -27.09625813  152.46117376
111 -27.09621327  152.46111183
112 -27.09621327  152.46111183 -27.09621631  152.46111613
112 -27.09644915  152.46143469 -27.09647409  152.46146947
111 -27.09644915  152.46143469
112 -27.09644915  152.46143469 -27.09645374  152.46144145
112 -27.09706386  152.46228067 -27.09709747  152.46233017
111 -27.09706386  152.46228067
112 -27.09706386  152.46228067 -27.09706795  152.46228627
112 -27.09723481  152.46251804 -27.09727010  152.46256407
111 -27.09723481  152.46251804
112 -27.09723481  152.46251804 -27.09723856  152.46252336
112 -27.09795314  152.46349015 -27.09811445  152.46370726
111 -27.09795314  152.46349015
112 -27.09795314  152.46349015 -27.09800822  152.46356428
112 -27.09811591  152.46372202 -27.09826939  152.46394111
111 -27.09811591  152.46372202
112 -27.09811591  152.46372202 -27.09815816  152.46378233
112 -27.09832124  152.46401546 -27.09840123  152.46412581
111 -27.09832124  152.46401546
112 -27.09832124  152.46401546 -27.09837826  152.46409413
112 -27.09846723  152.46421783 -27.09852679  152.46429957
111 -27.09846723  152.46421783
112 -27.09846723  152.46421783 -27.09868041  152.46451041
112 -27.09909913  152.46507739 -27.09930920  152.46536083
111 -27.09909913  152.46507739
112 -27.09909913  152.46507739 -27.09914931  152.46514509
112 -27.09926074  152.46529763 -27.09930982  152.46536494
111 -27.09926074  152.46529763
112 -27.09926074  152.46529763 -27.09952136  152.46565505
112 -27.09992197  152.46621786 -27.10004589  152.46639222
111 -27.09992197  152.46621786
112 -27.09992197  152.46621786 -27.09996876  152.46628208
112 -27.10018051  152.46659307 -27.10024798  152.46670187
111 -27.10018051  152.46659307
112 -27.10018051  152.46659307 -27.10022266  152.46665985
112 -27.10024382  152.46670993 -27.10025805  152.46675017
111 -27.10024382  152.46670993
112 -27.10024382  152.46670993 -27.10025570  152.46674630
112 -27.10017285  152.46685060 -27.10013565  152.46691167
111 -27.10017285  152.46685060
112 -27.10017285  152.46685060 -27.10014392  152.46689810
112 -27.10005066  152.46703230 -27.10002821  152.46706577
111 -27.10005066  152.46703230
112 -27.10005066  152.46703230 -27.09999176  152.46710723
112 -27.09990031  152.46723739 -27.09987441  152.46726935
111 -27.09990031  152.46723739
112 -27.09990031  152.46723739 -27.09989174  152.46724794
112 -27.09984796  152.46730723 -27.09983273  152.46732532
111 -27.09984796  152.46730723
112 -27.09984796  152.46730723 -27.09983082  152.46732760
112 -27.09980428  152.46731024 -27.09978379  152.46729334
111 -27.09980428  152.46731024
112 -27.09980428  152.46731024 -27.09977749  152.46728854
112 -27.09973189  152.46721993 -27.09970816  152.46718658
111 -27.09973189  152.46721993
112 -27.09973189  152.46721993 -27.09971148  152.46719125
112 -27.09962018  152.46706590 -27.09959216  152.46703174
111 -27.09962018  152.46706590
112 -27.09962018  152.46706590 -27.09959132  152.46703274
112 -27.09949294  152.46714572 -27.09947434  152.46712066
111 -27.09949294  152.46714572
112 -27.09949294  152.46714572 -27.09948637  152.46713687
112 -27.09944058  152.46707029 -27.09943336  152.46706049
111 -27.09944058  152.46707029
112 -27.09944058  152.46707029 -27.09942375  152.46704743
112 -27.09952684  152.46693867 -27.09950562  152.46690243
111 -27.09952684  152.46693867
112 -27.09952684  152.46693867 -27.09949013  152.46688835
112 -27.09943798  152.46680903 -27.09943149  152.46679333
111 -27.09943798  152.46680903
112 -27.09943798  152.46680903 -27.09942253  152.46677430
112 -27.09939863  152.46668583 -27.09937549  152.46665198
111 -27.09939863  152.46668583
112 -27.09939863  152.46668583 -27.09937302  152.46664990
112 -27.09947612  152.46649979 -27.09949031  152.46648564
111 -27.09947612  152.46649979
112 -27.09947612  152.46649979 -27.09951005  152.46646437
112 -27.09959716  152.46648226 -27.09962910  152.46652340
111 -27.09959716  152.46648226
112 -27.09959716  152.46648226 -27.09962610  152.46651967
112 -27.09970303  152.46650683 -27.09972695  152.46648777
111 -27.09970303  152.46650683
112 -27.09970303  152.46650683 -27.09975635  152.46645533
112 -27.09981375  152.46638614 -27.09985164  152.46633858
111 -27.09981375  152.46638614
112 -27.09981375  152.46638614 -27.09985894  152.46632942
112 -27.09976309  152.46621867 -27.09976033  152.46621833
111 -27.09976309  152.46621867
112 -27.09976309  152.46621867 -27.09976126  152.46621845
112 -27.09944552  152.46578899 -27.09925613  152.46552567
111 -27.09944552  152.46578899
112 -27.09944552  152.46578899 -27.09930399  152.46559222
112 -27.09916456  152.46538322 -27.09913828  152.46534639
111 -27.09916456  152.46538322
112 -27.09916456  152.46538322 -27.09914825  152.46536239
112 -27.09912439  152.46534854 -27.09910375  152.46534862
111 -27.09912439  152.46534854
112 -27.09912439  152.46534854 -27.09910798  152.46534812
112 -27.09901685  152.46544617 -27.09897097  152.46549376
111 -27.09901685  152.46544617
112 -27.09901685  152.46544617 -27.09898885  152.46547521
112 -27.09893460  152.46553703 -27.09891241  152.46556957
111 -27.09893460  152.46553703
112 -27.09893460  152.46553703 -27.09893085  152.46554533
112 -27.09894135  152.46557271 -27.09895596  152.46559587
111 -27.09894135  152.46557271
112 -27.09894135  152.46557271 -27.09896387  152.46560837
112 -27.09889463  152.46567950 -27.09885062  152.46568305
111 -27.09889463  152.46567950
112 -27.09889463  152.46567950 -27.09884779  152.46567922
112 -27.09876257  152.46548783 -27.09878806  152.46544187
111 -27.09876257  152.46548783
112 -27.09876257  152.46548783 -27.09877250  152.46546613
112 -27.09882981  152.46541967 -27.09884622  152.46543852
111 -27.09882981  152.46541967
112 -27.09882981  152.46541967 -27.09884123  152.46543279
112 -27.09886212  152.46544016 -27.09887442  152.46543872
111 -27.09886212  152.46544016
112 -27.09886212  152.46544016 -27.09890989  152.46542886
112 -27.09898295  152.46535172 -27.09901955  152.46532044
111 -27.09898295  152.46535172
112 -27.09898295  152.46535172 -27.09901502  152.46532364
112 -27.09905952  152.46525973 -27.09906188  152.46522625
111 -27.09905952  152.46525973
112 -27.09905952  152.46525973 -27.09905910  152.46522506
112 -27.09900500  152.46515687 -27.09896961  152.46510552
111 -27.09900500  152.46515687
112 -27.09900500  152.46515687 -27.09890878  152.46502023
112 -27.09843209  152.46440073 -27.09838708  152.46434163
111 -27.09843209  152.46440073
112 -27.09843209  152.46440073 -27.09840157  152.46435922
112 -27.09833742  152.46427449 -27.09831672  152.46425042
111 -27.09833742  152.46427449
112 -27.09833742  152.46427449 -27.09832201  152.46425663
112 -27.09830053  152.46425238 -27.09829033  152.46425110
111 -27.09830053  152.46425238
112 -27.09830053  152.46425238 -27.09828782  152.46425095
112 -27.09816104  152.46439035 -27.09810624  152.46445429
111 -27.09816104  152.46439035
112 -27.09816104  152.46439035 -27.09814897  152.46440443
112 -27.09814704  152.46447309 -27.09816996  152.46451496
111 -27.09814704  152.46447309
112 -27.09814704  152.46447309 -27.09817982  152.46451323
112 -27.09813252  152.46455522 -27.09811980  152.46456490
111 -27.09813252  152.46455522
112 -27.09813252  152.46455522 -27.09810800  152.46457614
112 -27.09806272  152.46456872 -27.09802493  152.46456344
111 -27.09806272  152.46456872
112 -27.09806272  152.46456872 -27.09800423  152.46456538
112 -27.09793025  152.46435077 -27.09792734  152.46429943
111 -27.09793025  152.46435077
112 -27.09793025  152.46435077 -27.09793193  152.46432192
112 -27.09799679  152.46427726 -27.09803242  152.46429633
111 -27.09799679  152.46427726
112 -27.09799679  152.46427726 -27.09802207  152.46429076
112 -27.09804331  152.46431537 -27.09805696  152.46431285
111 -27.09804331  152.46431537
112 -27.09804331  152.46431537 -27.09807345  152.46431016
112 -27.09814477  152.46425052 -27.09819827  152.46420770
111 -27.09814477  152.46425052
112 -27.09814477  152.46425052 -27.09818252  152.46421752
112 -27.09823434  152.46416240 -27.09823539  152.46413943
111 -27.09823434  152.46416240
112 -27.09823434  152.46416240 -27.09823314  152.46413915
112 -27.09820575  152.46410433 -27.09819367  152.46408830
111 -27.09820575  152.46410433
112 -27.09820575  152.46410433 -27.09819816  152.46409370
112 -27.09799606  152.46382317 -27.09795432  152.46376607
111 -27.09799606  152.46382317
112 -27.09799606  152.46382317 -27.09799327  152.46381935
112 -27.09795238  152.46376228 -27.09792011  152.46371696
111 -27.09795238  152.46376228
112 -27.09795238  152.46376228 -27.09794757  152.46375552
112 -27.09788981  152.46376181 -27.09785162  152.46379515
111 -27.09788981  152.46376181
112 -27.09788981  152.46376181 -27.09785666  152.46379336
112 -27.09776695  152.46389780 -27.09774973  152.46391873
111 -27.09776695  152.46389780
112 -27.09776695  152.46389780 -27.09776089  152.46390650
112 -27.09776990  152.46395121 -27.09778888  152.46398426
111 -27.09776990  152.46395121
112 -27.09776990  152.46395121 -27.09779060  152.46398728
112 -27.09771599  152.46402880 -27.09768598  152.46403155
111 -27.09771599  152.46402880
112 -27.09771599  152.46402880 -27.09767022  152.46402935
112 -27.09761975  152.46395232 -27.09761578  152.46394656
111 -27.09761975  152.46395232
112 -27.09761975  152.46395232 -27.09761604  152.46394695
112 -27.09758586  152.46382539 -27.09760736  152.46378808
111 -27.09758586  152.46382539
112 -27.09758586  152.46382539 -27.09759788  152.46380453
112 -27.09766247  152.46380132 -27.09768072  152.46382640
111 -27.09766247  152.46380132
112 -27.09766247  152.46380132 -27.09768014  152.46382367
112 -27.09771151  152.46380997 -27.09772124  152.46380189
111 -27.09771151  152.46380997
112 -27.09771151  152.46380997 -27.09775979  152.46376959
112 -27.09783038  152.46370343 -27.09786329  152.46367126
111 -27.09783038  152.46370343
112 -27.09783038  152.46370343 -27.09787771  152.46365715
112 -27.09785814  152.46362671 -27.09785169  152.46361529
111 -27.09785814  152.46362671
112 -27.09785814  152.46362671 -27.09783160  152.46358930
112 -27.09777301  152.46351020 -27.09775957  152.46349090
111 -27.09777301  152.46351020
112 -27.09777301  152.46351020 -27.09775734  152.46349111
112 -27.09709613  152.46258671 -27.09707297  152.46255022
111 -27.09709613  152.46258671
112 -27.09709613  152.46258671 -27.09706878  152.46254977
112 -27.09702117  152.46255011 -27.09699434  152.46257856
111 -27.09702117  152.46255011
112 -27.09702117  152.46255011 -27.09700043  152.46257244
112 -27.09696114  152.46260646 -27.09694578  152.46262011
111 -27.09696114  152.46260646
112 -27.09696114  152.46260646 -27.09694075  152.46262458
112 -27.09689751  152.46266690 -27.09687757  152.46268996
111 -27.09689751  152.46266690
112 -27.09689751  152.46266690 -27.09687813  152.46268931
112 -27.09689571  152.46274148 -27.09692301  152.46278190
111 -27.09689571  152.46274148
112 -27.09689571  152.46274148 -27.09691674  152.46278450
112 -27.09683935  152.46281568 -27.09681756  152.46280959
111 -27.09683935  152.46281568
112 -27.09683935  152.46281568 -27.09681045  152.46280766
112 -27.09672293  152.46273304 -27.09670768  152.46270738
111 -27.09672293  152.46273304
112 -27.09672293  152.46273304 -27.09670924  152.46271000
112 -27.09669215  152.46262496 -27.09669449  152.46260131
111 -27.09669215  152.46262496
112 -27.09669215  152.46262496 -27.09669428  152.46260793
112 -27.09676651  152.46256187 -27.09680150  152.46260246
111 -27.09676651  152.46256187
112 -27.09676651  152.46256187 -27.09680012  152.46261103
112 -27.09683770  152.46258972 -27.09685538  152.46257595
111 -27.09683770  152.46258972
112 -27.09683770  152.46258972 -27.09687877  152.46255787
112 -27.09697916  152.46247182 -27.09700014  152.46243768
111 -27.09697916  152.46247182
112 -27.09697916  152.46247182 -27.09700534  152.46242923
112 -27.09695891  152.46237796 -27.09693227  152.46234291
111 -27.09695891  152.46237796
112 -27.09695891  152.46237796 -27.09692562  152.46233091
112 -27.09630018  152.46147030 -27.09627070  152.46142872
111 -27.09630018  152.46147030
112 -27.09630018  152.46147030 -27.09627007  152.46143684
112 -27.09617894  152.46152594 -27.09613612  152.46156655
111 -27.09617894  152.46152594
112 -27.09617894  152.46152594 -27.09615401  152.46155101
112 -27.09612526  152.46159431 -27.09611942  152.46161057
111 -27.09612526  152.46159431
112 -27.09612526  152.46159431 -27.09611914  152.46161196
112 -27.09612941  152.46168246 -27.09614978  152.46171369
111 -27.09612941  152.46168246
112 -27.09612941  152.46168246 -27.09614980  152.46171247
112 -27.09603822  152.46171800 -27.09601785  152.46171926
111 -27.09603822  152.46171800
112 -27.09603822  152.46171800 -27.09599975  152.46172038
112 -27.09591514  152.46162987 -27.09588741  152.46158982
111 -27.09591514  152.46162987
112 -27.09591514  152.46162987 -27.09588668  152.46159229
112 -27.09587357  152.46146731 -27.09589476  152.46144243
111 -27.09587357  152.46146731
112 -27.09587357  152.46146731 -27.09588399  152.46145508
112 -27.09592725  152.46140023 -27.09594278  152.46141428
111 -27.09592725  152.46140023
112 -27.09592725  152.46140023 -27.09594308  152.46142121
112 -27.09599894  152.46141965 -27.09601797  152.46140644
111 -27.09599894  152.46141965
112 -27.09599894  152.46141965 -27.09601721  152.46140528
112 -27.09613323  152.46129967 -27.09613840  152.46129460
111 -27.09613323  152.46129967
112 -27.09613323  152.46129967 -27.09616005  152.46126186
112 -27.09607914  152.46116581 -27.09604567  152.46112078
111 -27.09607914  152.46116581
112 -27.09607914  152.46116581 -27.09592235  152.46095484
112 -27.09563330  152.46055540 -27.09559008  152.46050359
111 -27.09563330  152.46055540
112 -27.09563330  152.46055540 -27.09561334  152.46052849
112 -27.09551480  152.46063235 -27.09545891  152.46067837
111 -27.09551480  152.46063235
112 -27.09551480  152.46063235 -27.09548796  152.46065445
112 -27.09544912  152.46073794 -27.09546275  152.46076359
111 -27.09544912  152.46073794
112 -27.09544912  152.46073794 -27.09546330  152.46076260
112 -27.09541720  152.46078119 -27.09541383  152.46079178
111 -27.09541720  152.46078119
112 -27.09541720  152.46078119 -27.09541163  152.46082588
112 -27.09534924  152.46079614 -27.09533311  152.46079561
111 -27.09534924  152.46079614
112 -27.09534924  152.46079614 -27.09531979  152.46079430
112 -27.09527242  152.46068798 -27.09528730  152.46064566
111 -27.09527242  152.46068798
112 -27.09527242  152.46068798 -27.09529288  152.46066432
112 -27.09528779  152.46061008 -27.09532315  152.46059401
111 -27.09528779  152.46061008
112 -27.09528779  152.46061008 -27.09529917  152.46060445
112 -27.09533092  152.46057434 -27.09534712  152.46059855
111 -27.09533092  152.46057434
112 -27.09533092  152.46057434 -27.09533777  152.46058399
112 -27.09538490  152.46059168 -27.09540553  152.46058770
111 -27.09538490  152.46059168
112 -27.09538490  152.46059168 -27.09541457  152.46058595
112 -27.09545010  152.46055157 -27.09545961  152.46054318
111 -27.09545010  152.46055157
112 -27.09545010  152.46055157 -27.09549654  152.46051063
112 -27.09555221  152.46044251 -27.09553721  152.46042288
111 -27.09555221  152.46044251
112 -27.09555221  152.46044251 -27.09546326  152.46032050
112 -27.09497086  152.45961600 -27.09495750  152.45959570
111 -27.09497086  152.45961600
112 -27.09497086  152.45961600 -27.09493817  152.45956956
112 -27.09487691  152.45948780 -27.09485396  152.45946701
111 -27.09487691  152.45948780
112 -27.09487691  152.45948780 -27.09485703  152.45947080
112 -27.09480332  152.45950577 -27.09476762  152.45953393
111 -27.09480332  152.45950577
112 -27.09480332  152.45950577 -27.09476582  152.45953535
112 -27.09470531  152.45961188 -27.09468860  152.45963939
111 -27.09470531  152.45961188
112 -27.09470531  152.45961188 -27.09468770  152.45964031
112 -27.09469217  152.45969125 -27.09470741  152.45972376
111 -27.09469217  152.45969125
112 -27.09469217  152.45969125 -27.09470507  152.45971554
112 -27.09467461  152.45979874 -27.09466971  152.45981451
111 -27.09467461  152.45979874
112 -27.09467461  152.45979874 -27.09465944  152.45984688
112 -27.09457586  152.45989951 -27.09452339  152.45992284
111 -27.09457586  152.45989951
112 -27.09457586  152.45989951 -27.09454828  152.45990907
112 -27.09448714  152.45988606 -27.09446177  152.45985403
111 -27.09448714  152.45988606
112 -27.09448714  152.45988606 -27.09446434  152.45985717
112 -27.09440100  152.45985576 -27.09437281  152.45985078
111 -27.09440100  152.45985576
112 -27.09440100  152.45985576 -27.09434933  152.45984899
112 -27.09416503  152.45981637 -27.09411454  152.45984272
111 -27.09416503  152.45981637
112 -27.09416503  152.45981637 -27.09410904  152.45984559
112 -27.09399604  152.45997891 -27.09392246  152.46007292
111 -27.09399604  152.45997891
112 -27.09399604  152.45997891 -27.09396520  152.46002013
112 -27.09402179  152.46008745 -27.09406187  152.46013928
111 -27.09402179  152.46008745
112 -27.09402179  152.46008745 -27.09402781  152.46009553
112 -27.09435082  152.46052959 -27.09444612  152.46066147
111 -27.09435082  152.46052959
112 -27.09435082  152.46052959 -27.09447330  152.46069908
112 -27.09491652  152.46133282 -27.09495482  152.46138272
111 -27.09491652  152.46133282
112 -27.09491652  152.46133282 -27.09494758  152.46137328
112 -27.09568463  152.46238192 -27.09582147  152.46257141
111 -27.09568463  152.46238192
112 -27.09568463  152.46238192 -27.09575249  152.46247588
112 -27.09716148  152.46441965 -27.09731763  152.46463796
111 -27.09716148  152.46441965
112 -27.09716148  152.46441965 -27.09735279  152.46468711
112 -27.09914782  152.46715859 -27.09916655  152.46718571
111 -27.09914782  152.46715859
112 -27.09914782  152.46715859 -27.09917062  152.46719160
112 -27.09947973  152.46762740 -27.09951779  152.46769124
111 -27.09947973  152.46762740
112 -27.09947973  152.46762740 -27.09949354  152.46764970
112 -27.09945147  152.46771193 -27.09944096  152.46773288
111 -27.09945147  152.46771193
112 -27.09945147  152.46771193 -27.09936775  152.46787917
112 -27.09917636  152.46822174 -27.09916701  152.46823591
111 -27.09917636  152.46822174
112 -27.09917636  152.46822174 -27.09915794  152.46824907
112 -27.09911959  152.46820950 -27.09909237  152.46817099
111 -27.09911959  152.46820950
112 -27.09911959  152.46820950 -27.09905586  152.46812197
112 -27.09854068  152.46741604 -27.09835788  152.46716453
111 -27.09854068  152.46741604
112 -27.09854068  152.46741604 -27.09845127  152.46729303
112 -27.09783245  152.46643266 -27.09772872  152.46628990
111 -27.09783245  152.46643266
112 -27.09783245  152.46643266 -27.09727966  152.46567188
112 -27.09646572  152.46455043 -27.09634194  152.46437924
111 -27.09646572  152.46455043
112 -27.09646572  152.46455043 -27.09642835  152.46449875
112 -27.09512209  152.46269018 -27.09461025  152.46197857
111 -27.09512209  152.46269018
112 -27.09512209  152.46269018 -27.09487354  152.46234610
112 -27.09363610  152.46063173 -27.09362252  152.46061395
111 -27.09363610  152.46063173
112 -27.09363610  152.46063173 -27.09354880  152.46051517
112 -27.09342825  152.46037986 -27.09342172  152.46037211
111 -27.09342825  152.46037986
112 -27.09342825  152.46037986 -27.09336917  152.46031011
112 -27.09340016  152.46025829 -27.09342822  152.46021709
111 -27.09340016  152.46025829
112 -27.09340016  152.46025829 -27.09344322  152.46019908
112 -27.09411086  152.45924271 -27.09419184  152.45912653
111 -27.09411086  152.45924271
112 -27.09411086  152.45924271 -27.09420018  152.45911458
112 -27.09431576  152.45895293 -27.09435182  152.45890516
111 -27.09431576  152.45895293
112 -27.09431576  152.45895293 -27.09439211  152.45886533
112 -27.09455108  152.45888027 -27.09464886  152.45894734
111 -27.09455108  152.45888027
112 -27.09455108  152.45888027 -27.09457878  152.45889799
112 -27.09464861  152.45897552 -27.09468397  152.45901746
111 -27.09464861  152.45897552
112 -27.09464861  152.45897552 -27.09466233  152.45899179
112 -27.09468435  152.45897881 -27.09470805  152.45896067
111 -27.09468435  152.45897881
112 -27.09468435  152.45897881 -27.09469474  152.45897321
112 -27.09481584  152.45900621 -27.09484995  152.45906724
111 -27.09481584  152.45900621
112 -27.09481584  152.45900621 -27.09482859  152.45902903
112 -27.09481980  152.45917813 -27.09480284  152.45919762
111 -27.09481980  152.45917813
112 -27.09481980  152.45917813 -27.09480574  152.45919355
112 -27.09483517  152.45922563 -27.09483823  152.45922935
111 -27.09483517  152.45922563
112 -27.09483517  152.45922563 -27.09485871  152.45925241
112 -27.09490326  152.45926642 -27.09494269  152.45926786
111 -27.09490326  152.45926642
112 -27.09490326  152.45926642 -27.09494410  152.45926070
112 -27.09502256  152.45924219 -27.09505772  152.45922051
111 -27.09502256  152.45924219
112 -27.09502256  152.45924219 -27.09506244  152.45921868
112 -27.09515791  152.45913140 -27.09519840  152.45909329
111 -27.09515791  152.45913140
112 -27.09515791  152.45913140 -27.09523425  152.45905955
112 -27.09543423  152.45886603 -27.09553483  152.45877185
111 -27.09543423  152.45886603
112 -27.09543423  152.45886603 -27.09544482  152.45885612
112 -27.09546539  152.45882545 -27.09547177  152.45880849
111 -27.09546539  152.45882545
112 -27.09546539  152.45882545 -27.09546854  152.45881065
112 -27.09538336  152.45869629 -27.09534588  152.45865856
111 -27.09538336  152.45869629
112 -27.09538336  152.45869629 -27.09536702  152.45867984
112 -27.09533195  152.45868840 -27.09532454  152.45869553
111 -27.09533195  152.45868840
112 -27.09533195  152.45868840 -27.09530561  152.45871323
112 -27.09526905  152.45862501 -27.09528134  152.45861315
111 -27.09526905  152.45862501
112 -27.09526905  152.45862501 -27.09528208  152.45861280
112 -27.09543133  152.45846847 -27.09544386  152.45845672
111 -27.09543133  152.45846847
112 -27.09543133  152.45846847 -27.09543522  152.45846482
112 -27.09548266  152.45854396 -27.09545994  152.45856976
111 -27.09548266  152.45854396
112 -27.09548266  152.45854396 -27.09547775  152.45854950
112 -27.09548074  152.45860101 -27.09549227  152.45862172
111 -27.09548074  152.45860101
112 -27.09548074  152.45860101 -27.09550767  152.45864939
112 -27.09557627  152.45871788 -27.09558869  152.45871645
111 -27.09557627  152.45871788
112 -27.09557627  152.45871788 -27.09558880  152.45871577
112 -27.09561277  152.45869103 -27.09562114  152.45868319
111 -27.09561277  152.45869103
112 -27.09561277  152.45869103 -27.09565751  152.45864907
112 -27.09571909  152.45859101 -27.09574345  152.45856793
111 -27.09571909  152.45859101
112 -27.09571909  152.45859101 -27.09591353  152.45840679
112 -27.09619076  152.45814021 -27.09623636  152.45809195
111 -27.09619076  152.45814021
112 -27.09619076  152.45814021 -27.09626716  152.45805460
112 -27.09664429  152.45771096 -27.09664284  152.45767696
111 -27.09664429  152.45771096
112 -27.09664429  152.45771096 -27.09664066  152.45767877
112 -27.09654654  152.45758159 -27.09648612  152.45754404
111 -27.09654654  152.45758159
112 -27.09654654  152.45758159 -27.09652365  152.45757241
112 -27.09647733  152.45759038 -27.09645438  152.45761371
111 -27.09647733  152.45759038
112 -27.09647733  152.45759038 -27.09645604  152.45761213
112 -27.09639044  152.45753477 -27.09638105  152.45749328
111 -27.09639044  152.45753477
112 -27.09639044  152.45753477 -27.09638002  152.45747313
112 -27.09665426  152.45726920 -27.09673314  152.45727337
111 -27.09665426  152.45726920
112 -27.09665426  152.45726920 -27.09668783  152.45727097
112 -27.09670306  152.45737504 -27.09667345  152.45740537
111 -27.09670306  152.45737504
112 -27.09670306  152.45737504 -27.09667754  152.45740340
112 -27.09668490  152.45746311 -27.09669353  152.45749609
111 -27.09668490  152.45746311
112 -27.09668490  152.45746311 -27.09670232  152.45752780
112 -27.09679531  152.45757802 -27.09683899  152.45754570
111 -27.09679531  152.45757802
112 -27.09679531  152.45757802 -27.09688587  152.45748445
112 -27.09720768  152.45716038 -27.09723303  152.45706060
111 -27.09720768  152.45716038
112 -27.09720768  152.45716038 -27.09722072  152.45710906
112 -27.09712831  152.45703678 -27.09710493  152.45701632
111 -27.09712831  152.45703678
112 -27.09712831  152.45703678 -27.09710663  152.45702027
112 -27.09706171  152.45703248 -27.09703442  152.45705483
111 -27.09706171  152.45703248
112 -27.09706171  152.45703248 -27.09703643  152.45705560
112 -27.09697158  152.45696372 -27.09696781  152.45691432
111 -27.09697158  152.45696372
112 -27.09697158  152.45696372 -27.09696572  152.45688689
112 -27.09721888  152.45672755 -27.09727751  152.45673395
111 -27.09721888  152.45672755
112 -27.09721888  152.45672755 -27.09725477  152.45673147
112 -27.09727310  152.45682841 -27.09724334  152.45686351
111 -27.09727310  152.45682841
112 -27.09727310  152.45682841 -27.09724203  152.45686022
112 -27.09725808  152.45690190 -27.09726549  152.45692754
111 -27.09725808  152.45690190
112 -27.09725808  152.45690190 -27.09727348  152.45694201
111 -27.09729138  152.45697001
112 -27.09733767  152.45701227 -27.09737092  152.45702828
111 -27.09733767  152.45701227
112 -27.09733767  152.45701227 -27.09736074  152.45701456
112 -27.09737128  152.45700766 -27.09738315  152.45700385
111 -27.09961047  152.45488055
112 -27.09965409  152.45481515 -27.09965898  152.45478880
112 -27.09955645  152.45468942 -27.09952535  152.45468360
111 -27.09955645  152.45468942
112 -27.09955645  152.45468942 -27.09954435  152.45468716
112 -27.09948628  152.45471081 -27.09945354  152.45474027
111 -27.09948628  152.45471081
112 -27.09948628  152.45471081 -27.09945632  152.45474174
113 -27.09940441  152.45469178
14 -27.09550466  152.45968194   6.56 0 New Tower Viewpoint 3
1300 -27.09971460  152.46382955  40.60 misc props Nieuport
1301 E none 
1300 -27.09945335  152.46295162  97.40 misc props Bristol
1301 E none 
1300 -27.09674458  152.46014599  38.25 misc turboprops|props Merlin
1301 E none 
1300 -27.09779263  152.45751109  37.93 misc props Dakota Hangers Two
1301 E none 
1300 -27.09707971  152.45808110 307.90 misc props Dakota Hangers One
1301 E none 
1300 -27.09831788  152.45850628 127.05 misc props Hurricane
1301 E none 
1300 -27.09777490  152.45862982 127.92 misc props Tempest
1301 E none 
1300 -27.09735019  152.45894085 127.99 misc props Lightning
1301 E none 
19 -27.09974953  152.46527755 0 New Windsock 1
19 -27.09562047  152.45956784 0 New Windsock 2
19 -27.09835313  152.45465747 0 New Windsock 5
1051 129000 YWSG MULT
1051 127300 YWSG UNIC
99
